obj 68.0
time and gap 7203.898957014084  0.4852941176470588
xa [2, 5, 6, 9, 15, 18, 19, 20, 25, 29, 30, 32, 42, 46, 50, 53, 54, 67, 68, 72, 73, 75, 76, 79, 88, 95, 102, 120, 121, 122, 127, 138, 139, 141, 154, 156, 160, 162, 163, 167, 172, 175, 178, 179, 190, 200, 203, 204, 206, 207, 215, 217, 221, 222, 224, 226, 227, 228, 229, 230, 232, 236, 238, 239, 241, 243, 245, 247]
xp []
z_ture [107, 166, 178]
[]

obj 62.0
time and gap 7203.865264892578  0.4032258064516129
xa [0, 2, 3, 4, 5, 15, 16, 20, 27, 35, 37, 38, 42, 45, 50, 63, 72, 74, 75, 76, 78, 79, 81, 88, 89, 93, 97, 100, 105, 121, 128, 129, 139, 140, 143, 165, 170, 173, 175, 178, 190, 191, 194, 200, 201, 203, 210, 214, 216, 222, 224, 226, 228, 229, 232, 233, 234, 235, 236, 241, 243, 247]
xp []
z_ture []
[]

obj 62.0
time and gap 7203.885560035706  0.45161290322580644
xa [3, 5, 12, 24, 25, 27, 28, 34, 35, 37, 42, 44, 46, 53, 54, 68, 72, 75, 76, 79, 88, 100, 102, 105, 110, 120, 121, 122, 139, 141, 142, 156, 157, 162, 163, 168, 172, 173, 178, 181, 185, 196, 198, 201, 203, 204, 207, 215, 218, 220, 221, 224, 225, 229, 230, 231, 232, 236, 238, 241, 242, 243]
xp []
z_ture []
[]

obj 64.0
time and gap 7203.771233081818  0.421875
xa [0, 3, 4, 5, 14, 21, 27, 28, 31, 32, 34, 40, 42, 44, 45, 46, 48, 50, 55, 72, 74, 76, 79, 88, 93, 103, 112, 113, 120, 124, 137, 139, 141, 142, 154, 156, 157, 163, 164, 172, 173, 175, 179, 195, 201, 203, 204, 206, 207, 215, 216, 220, 221, 224, 225, 229, 232, 233, 234, 236, 238, 239, 241, 247]
xp []
z_ture []
[]

obj 61.0
time and gap 7203.6207530498505  0.4262295081967213
xa [1, 3, 5, 14, 22, 27, 28, 35, 37, 39, 42, 43, 45, 46, 49, 51, 54, 55, 67, 68, 76, 78, 79, 88, 93, 100, 105, 123, 125, 127, 129, 139, 154, 157, 172, 173, 175, 178, 180, 181, 190, 197, 200, 203, 205, 209, 213, 214, 217, 219, 220, 221, 222, 224, 228, 230, 232, 234, 235, 236, 243]
xp []
z_ture []
[]

obj 131.0
time and gap 7203.894282102585  0.6793893129770993
xa [1, 5, 6, 14, 17, 27, 28, 30, 37, 38, 42, 43, 44, 46, 53, 54, 64, 68, 72, 73, 74, 76, 79, 88, 98, 100, 109, 120, 121, 122, 129, 139, 142, 153, 154, 156, 162, 172, 175, 178, 190, 194, 200, 203, 205, 206, 207, 208, 217, 219, 221, 222, 224, 226, 228, 229, 230, 232, 234, 236, 238, 239, 245, 247]
xp [145, 151, 209]
z_ture [44, 53, 108, 111, 134, 157, 183, 193, 249, 273, 283]
[]

obj 127.0
time and gap 7210.091342926025  0.6456692913385826
xa [1, 3, 4, 5, 7, 16, 18, 27, 28, 35, 37, 40, 42, 44, 46, 50, 61, 64, 68, 72, 74, 75, 76, 79, 88, 89, 90, 100, 102, 103, 112, 121, 139, 143, 172, 175, 178, 181, 190, 191, 194, 200, 201, 203, 210, 214, 221, 222, 224, 225, 226, 230, 232, 233, 234, 235, 236, 237, 243, 245, 246, 247]
xp [38, 98, 156]
z_ture [9, 25, 47, 50, 93, 97, 122, 123, 129, 130, 137, 138, 149, 151, 162, 164, 180, 225, 240, 245, 248]
[38]

obj 126.0
time and gap 7203.646970033646  0.6825396825396826
xa [0, 5, 6, 12, 26, 27, 30, 35, 37, 41, 42, 46, 48, 49, 54, 68, 70, 72, 75, 76, 78, 79, 88, 89, 93, 100, 105, 118, 120, 124, 142, 145, 162, 163, 168, 172, 173, 185, 190, 194, 198, 201, 203, 204, 207, 213, 215, 218, 221, 222, 225, 228, 229, 232, 233, 236, 238, 241, 242, 243, 245, 247]
xp [191, 197]
z_ture [5, 23, 56, 85, 95, 98, 130, 141, 145, 156, 160, 162, 163, 188, 209, 210, 231, 284, 286, 291]
[]

obj 130.0
time and gap 7203.7174508571625  0.6461538461538462
xa [4, 6, 9, 18, 20, 22, 27, 28, 31, 32, 34, 35, 40, 42, 44, 46, 50, 51, 52, 55, 62, 64, 68, 72, 76, 79, 85, 88, 93, 120, 121, 124, 129, 139, 141, 142, 156, 162, 163, 172, 173, 175, 178, 179, 191, 195, 201, 202, 204, 215, 216, 219, 220, 221, 224, 227, 228, 229, 232, 234, 236, 238, 239, 241, 242]
xp []
z_ture [12, 29, 32, 38, 58, 64, 89, 131, 137, 144, 155, 217, 240, 249, 255, 273]
[]

obj 132.0
time and gap 7203.7699239254  0.696969696969697
xa [1, 3, 8, 12, 13, 16, 28, 39, 40, 41, 42, 46, 49, 51, 52, 54, 55, 58, 63, 67, 76, 78, 79, 84, 88, 98, 100, 107, 120, 123, 126, 127, 129, 139, 154, 157, 172, 175, 178, 180, 181, 190, 194, 195, 200, 203, 205, 208, 209, 213, 215, 216, 219, 220, 222, 224, 225, 229, 230, 231, 232, 236, 237, 241, 243, 245]
xp []
z_ture [1, 17, 50, 78, 82, 87, 101, 116, 119, 130, 153, 169, 197, 223, 235, 268, 288]
[]

obj 315.0
time and gap 7203.738867044449  0.819047619047619
xa [1, 6, 12, 13, 16, 17, 20, 30, 37, 42, 43, 45, 50, 62, 67, 72, 73, 74, 76, 79, 81, 88, 100, 102, 105, 112, 120, 123, 125, 126, 129, 139, 153, 156, 162, 167, 172, 175, 178, 180, 190, 200, 201, 202, 204, 207, 210, 213, 216, 217, 221, 222, 224, 226, 227, 229, 232, 234, 235, 236, 242]
xp [2, 25, 27, 48, 52, 60, 117, 141, 147, 174]
z_ture [0, 1, 2, 4, 14, 35, 39, 40, 43, 44, 71, 75, 76, 78, 81, 89, 90, 93, 101, 104, 106, 108, 109, 111, 119, 124, 126, 133, 134, 135, 154, 156, 169, 174, 183, 189, 214, 224, 228, 229, 247, 279, 293]
[25, 52]

obj 313.0
time and gap 7203.887876033783  0.7955271565495208
xa [0, 1, 2, 3, 4, 5, 15, 16, 25, 27, 28, 35, 38, 43, 45, 50, 54, 64, 72, 74, 76, 77, 79, 81, 88, 89, 103, 105, 110, 121, 122, 124, 139, 156, 172, 178, 179, 190, 197, 198, 200, 201, 202, 203, 211, 216, 219, 221, 224, 226, 228, 229, 233, 234, 235, 236, 238, 241, 242, 247]
xp [17, 29, 48, 85, 114, 130, 150, 165, 170, 174, 208, 217, 243]
z_ture [1, 4, 13, 22, 29, 40, 41, 45, 48, 51, 63, 93, 102, 108, 123, 124, 127, 128, 129, 133, 135, 137, 138, 139, 140, 149, 155, 164, 166, 174, 181, 187, 192, 220, 224, 261, 296]
[208, 217, 48, 85]

obj 302.0
time and gap 7207.908892154694  0.8245033112582781
xa [3, 4, 5, 25, 27, 28, 30, 34, 35, 37, 41, 42, 48, 54, 67, 72, 76, 79, 81, 88, 98, 100, 112, 120, 122, 124, 139, 140, 142, 145, 162, 172, 178, 185, 190, 192, 198, 201, 203, 204, 207, 210, 213, 215, 218, 219, 220, 221, 225, 228, 229, 232, 234, 236, 238, 241, 242, 243, 245]
xp [49, 110, 163, 164, 175, 214, 216]
z_ture [9, 23, 64, 84, 93, 99, 104, 113, 128, 130, 134, 145, 149, 173, 180, 200, 205, 221, 231, 248, 250, 266]
[214, 216]

obj 308.0
time and gap 7207.088574171066  0.8733766233766234
xa [1, 4, 6, 11, 12, 14, 22, 27, 31, 39, 41, 42, 46, 50, 52, 55, 61, 67, 72, 76, 79, 88, 93, 95, 100, 103, 105, 112, 120, 128, 129, 139, 142, 157, 163, 164, 172, 173, 175, 178, 192, 201, 203, 204, 207, 210, 213, 216, 219, 220, 221, 224, 227, 228, 232, 234, 238, 239, 241, 247]
xp [2, 44, 48, 80, 127, 145, 231, 236]
z_ture [4, 34, 68, 71, 97, 111, 117, 122, 126, 127, 129, 136, 157, 166, 206, 231, 241, 269, 272, 274, 280, 298]
[80, 44, 231]

obj 303.0
time and gap 7206.518492221832  0.834983498349835
xa [1, 3, 11, 12, 14, 22, 37, 38, 39, 40, 42, 46, 49, 51, 52, 54, 55, 67, 68, 76, 78, 79, 88, 93, 100, 107, 123, 127, 129, 139, 154, 157, 172, 173, 175, 178, 180, 181, 190, 200, 201, 203, 207, 208, 213, 215, 222, 224, 226, 228, 229, 230, 232, 233, 236, 237, 241, 243, 244, 245]
xp [120, 168, 195]
z_ture [12, 44, 50, 64, 73, 89, 90, 113, 117, 126, 144, 170, 183, 184, 208, 214, 223, 237, 260, 273, 277, 278]
[168]

obj 631.0
time and gap 7204.805770158768  0.8621236133122029
xa [5, 6, 14, 17, 18, 19, 20, 30, 37, 42, 43, 45, 46, 49, 50, 67, 71, 72, 74, 75, 76, 78, 79, 81, 88, 100, 103, 112, 120, 121, 122, 125, 126, 153, 162, 170, 172, 173, 175, 178, 180, 193, 201, 203, 205, 206, 207, 213, 216, 217, 218, 219, 221, 222, 224, 226, 229, 230, 232, 239, 240, 242]
xp [2, 16, 25, 52, 62, 93, 134, 138, 141, 156, 246]
z_ture [0, 3, 4, 14, 15, 29, 31, 35, 38, 39, 40, 43, 51, 56, 64, 75, 78, 89, 90, 94, 101, 102, 104, 108, 109, 111, 113, 119, 124, 133, 134, 135, 151, 156, 169, 208, 228, 234, 237, 266, 279]
[2, 25, 52, 16, 93, 62]

obj 627.0
time and gap 7203.568763017654  0.8516746411483254
xa [1, 4, 5, 6, 10, 11, 15, 25, 26, 27, 28, 43, 46, 48, 50, 64, 65, 72, 74, 76, 79, 81, 88, 89, 97, 98, 100, 103, 105, 110, 112, 121, 139, 143, 156, 167, 172, 175, 178, 190, 191, 199, 201, 203, 204, 209, 210, 216, 219, 220, 224, 228, 229, 230, 231, 232, 236, 238, 239, 240, 241, 242]
xp [2, 19, 41, 52, 96, 173, 174]
z_ture [1, 2, 13, 20, 22, 28, 29, 40, 93, 94, 108, 123, 124, 132, 135, 136, 139, 155, 166, 180, 181, 187, 192, 223, 225]
[2]

obj 545.0
time and gap 7206.039312124252  0.9284403669724771
xa [5, 6, 12, 24, 25, 27, 28, 30, 37, 42, 45, 46, 54, 68, 72, 76, 79, 88, 100, 102, 105, 120, 121, 122, 124, 139, 141, 142, 162, 172, 178, 190, 192, 198, 201, 203, 204, 207, 215, 218, 221, 222, 224, 225, 226, 229, 230, 232, 238, 240, 241, 242, 245]
xp [15, 33, 35, 49, 85, 115, 140, 156, 161, 164, 175, 185, 191, 199, 233]
z_ture [9, 10, 15, 32, 34, 64, 69, 93, 98, 106, 112, 128, 130, 138, 144, 145, 156, 177, 206, 210, 217, 251, 278, 282, 288, 299]
[35, 199, 185]

obj 598.0
time and gap 7207.433182001114  0.8963210702341137
xa [4, 5, 6, 14, 22, 24, 27, 28, 31, 37, 40, 42, 45, 46, 55, 61, 68, 70, 72, 74, 76, 79, 88, 93, 105, 112, 122, 124, 125, 128, 139, 142, 157, 163, 172, 173, 175, 178, 195, 201, 203, 204, 207, 210, 213, 214, 215, 217, 219, 220, 221, 227, 228, 232, 234, 238, 239, 246, 247]
xp [58, 78, 85, 95, 120, 141, 164, 191]
z_ture [46, 62, 66, 78, 107, 129, 140, 153, 158, 163, 177, 204, 228, 229, 231, 276, 280]
[164, 95]

obj 583.0
time and gap 7206.706578969955  0.9005145797598628
xa [1, 3, 5, 9, 22, 28, 35, 37, 39, 40, 42, 46, 49, 51, 52, 54, 55, 67, 68, 76, 79, 88, 93, 100, 102, 105, 120, 123, 125, 127, 129, 139, 154, 157, 172, 173, 175, 178, 180, 190, 200, 203, 205, 209, 215, 217, 219, 221, 222, 224, 226, 228, 230, 232, 234, 235, 236, 243]
xp [167, 195, 216]
z_ture [62, 63, 98, 140, 152, 163, 179, 184, 194, 199, 251, 252]
[216]

obj 894.0
time and gap 7204.518761873245  0.9172259507829977
xa [1, 2, 6, 14, 17, 20, 25, 30, 42, 43, 45, 46, 51, 53, 54, 59, 67, 68, 70, 72, 75, 76, 78, 79, 100, 117, 120, 121, 125, 139, 142, 153, 154, 156, 162, 172, 175, 178, 190, 201, 203, 206, 208, 211, 215, 216, 217, 219, 221, 222, 224, 226, 229, 230, 232, 235, 236, 239, 242]
xp [11, 27, 66, 71, 129, 138, 145, 147, 202]
z_ture [0, 1, 30, 35, 38, 43, 51, 64, 78, 89, 91, 100, 101, 106, 108, 109, 119, 124, 134, 135, 213, 224]
[]

obj 887.0
time and gap 7204.745577096939  0.8714768883878241
xa [0, 1, 3, 4, 5, 15, 18, 27, 28, 33, 37, 42, 43, 46, 50, 54, 64, 65, 71, 72, 74, 76, 79, 81, 88, 89, 93, 97, 103, 105, 121, 139, 156, 162, 172, 175, 178, 179, 190, 199, 201, 203, 204, 210, 213, 216, 219, 222, 226, 228, 229, 233, 234, 235, 236, 239, 241, 243]
xp [16, 29, 41, 52, 96, 108, 118, 127, 133, 143, 167, 173, 174, 191, 227, 238, 246]
z_ture [13, 20, 22, 24, 28, 40, 41, 48, 81, 93, 94, 96, 102, 108, 119, 122, 123, 124, 129, 138, 139, 149, 155, 163, 164, 166, 181, 207, 220, 223, 232, 233, 268, 273]
[16, 108, 96, 127, 118, 238]

obj 863.0
time and gap 7207.744105100632  0.9235225955967555
xa [5, 6, 12, 26, 27, 28, 34, 35, 37, 41, 42, 53, 54, 67, 68, 72, 76, 78, 79, 88, 93, 100, 107, 120, 121, 122, 124, 139, 141, 142, 162, 163, 172, 178, 185, 190, 198, 201, 203, 204, 207, 213, 215, 218, 220, 221, 222, 225, 229, 230, 233, 238, 240, 241, 242, 243, 245]
xp [13, 48, 118, 138, 164, 181, 192, 208]
z_ture [10, 16, 22, 31, 34, 74, 93, 109, 112, 128, 136, 137, 145, 158, 163, 190, 200, 213, 226]
[13, 208]

obj 906.0
time and gap 7207.764019012451  0.9282560706401766
xa [4, 5, 6, 11, 22, 25, 27, 28, 35, 36, 37, 42, 45, 46, 48, 50, 62, 64, 65, 68, 70, 76, 79, 85, 93, 100, 115, 122, 123, 128, 129, 139, 141, 142, 154, 157, 163, 164, 170, 173, 175, 178, 195, 201, 204, 205, 211, 216, 219, 221, 224, 225, 226, 230, 233, 234, 236, 238, 239, 241]
xp [13, 14, 60, 90, 127, 144]
z_ture [6, 36, 66, 67, 89, 99, 111, 130, 148, 164, 189, 203, 246, 264, 283]
[14, 60]

obj 961.0
time and gap 7204.183742046356  0.8813735691987513
xa [1, 3, 5, 13, 16, 22, 27, 28, 30, 39, 41, 42, 43, 46, 51, 53, 54, 55, 63, 67, 73, 75, 76, 78, 88, 91, 98, 100, 107, 120, 123, 127, 129, 154, 157, 170, 172, 173, 175, 178, 180, 190, 192, 200, 203, 205, 208, 209, 213, 215, 219, 221, 222, 224, 226, 228, 229, 230, 232, 236, 237, 241, 243, 245]
xp [89]
z_ture [18, 64, 75, 85, 98, 101, 112, 130, 142, 146, 163, 167, 176, 200, 211, 250, 261, 279, 299]
[]

